import matplotlib.pyplot as plt

x=[400, 380, 360, 360, 340, 340, 340, 340, 320, 300, 300, 320, 320, 300, 280, 280, 280, 280, 260, 240, 240, 240, 240, 220, 220, 220, 220, 200, 200, 180, 180, 180, 200, 220, 220, 200, 200, 220, 220, 240, 240, 260, 260, 280, 280, 260, 240, 240, 220, 200, 200, 180, 180, 180, 160, 160, 160, 140, 120, 100, 100, 100, 80, 80, 60, 60, 80, 80, 80, 80, 100, 100, 120, 120, 100, 100, 100, 120, 120, 120, 140, 140, 140, 140, 160, 160, 140, 140, 140, 140, 140, 120, 100, 100, 80, 60, 60, 60, 60, 40, 20, 20, 40, 40, 20, 20, 20, 40, 40, 60, 60, 80, 80, 80, 60, 40, 20, 20, 40, 40, 40, 60, 60, 80, 80, 80, 80, 60, 60, 40, 20, 20, 20, 40, 40, 20]
y=[380, 380, 380, 400, 400, 380, 360, 340, 340, 340, 360, 360, 380, 380, 380, 360, 340, 320, 320, 320, 340, 360, 380, 380, 360, 340, 320, 320, 340, 340, 320, 300, 300, 300, 280, 280, 260, 260, 240, 240, 260, 260, 240, 240, 220, 220, 220, 200, 200, 200, 220, 220, 240, 260, 260, 240, 220, 220, 220, 220, 240, 260, 260, 280, 280, 300, 300, 320, 340, 360, 360, 340, 340, 320, 320, 300, 280, 280, 260, 240, 240, 260, 280, 300, 300, 320, 320, 340, 360, 380, 400, 400, 400, 380, 380, 380, 360, 340, 320, 320, 320, 300, 300, 280, 280, 260, 240, 240, 220, 220, 240, 240, 220, 200, 200, 200, 200, 180, 180, 160, 140, 140, 120, 120, 100, 80, 60, 60, 80, 80, 80, 60, 40, 40, 20, 20]

y_flipped=[]
for i in y:
    y_flipped.append(abs(i-400))
reversed_y=y_flipped[::-1]
reversed_x=x[::-1]

scaled_y=[]
scaled_x=[]
for index, value in enumerate(reversed_y):
    scaled_y.append(value/40+0.5)
    scaled_x.append(reversed_x[index]/40+0.5)

plt.plot(scaled_x,scaled_y)
